1454.856401
1454.701487
1455.329044
1454.963032
1454.597469
1455.221214
1454.834304
1454.450639
1455.066461
1454.711906
1455.339480
1455.021193
1454.686120
1455.340187
1454.975588
1454.602984
1455.201888
1454.807841
1455.437947
1455.113874
1454.753132
1455.384091
1454.998935
1454.618237
1455.290378
1454.947104
1454.574676
1455.209968
1454.858641
1454.489292
1455.148957
1454.781508
1455.422139
1455.075033
1454.730255
1455.340885
1455.002940
1454.615105
1455.263974
1454.882069
1454.555951
1455.176287
1454.834305
1455.429727
1455.042404
1454.649391
1455.316613
1454.927133
1454.588133
1455.194758
1454.891611
1454.552533
1455.253058
1454.866489
1454.491719
1455.162363
1454.808515
1454.456870
1455.072738
1454.676872
1455.298102
1454.949546
1454.579464
1455.185788
1454.836260
1455.441002
1455.051551
1454.681440
1455.315585
1454.937461
1454.609553
1455.297799
1454.956734
1454.571022
1455.193810
1454.847393
1454.462109
1455.098438
1454.733069
1455.440052
1455.068556
1454.681981
1455.305242
1454.918372
1454.537874
1455.148955
1454.805671
1455.419243
1455.097525
1454.741911
1455.404108
1455.075536
1454.694891
1455.320930
1454.931913
1454.558457
1455.170560
1454.784951
1455.400699
1455.106273
1454.715284
