1454.853961
1454.698288
1455.326848
1454.958925
1454.595316
1455.218889
1454.829834
1454.446655
1455.062105
1454.709715
1455.335300
1455.018999
1454.682125
1455.337886
1454.971628
1454.600742
1455.199703
1454.805643
1455.433896
1455.111667
1454.749165
1455.380042
1454.996727
1454.616019
1455.286406
1454.944882
1454.572340
1455.207785
1454.856421
1454.486961
1455.146747
1454.777247
1455.418190
1455.072688
1454.727091
1455.336833
1454.998658
1454.612704
1455.261604
1454.877634
1454.553636
1455.174094
1454.831992
1455.425694
1455.040162
1454.647180
1455.314438
1454.924915
1454.583777
1455.190517
1454.887620
1454.550330
1455.248918
1454.862402
1454.487614
1455.160108
1454.804561
1454.454677
1455.068373
1454.674716
1455.295871
1454.945606
1454.577209
1455.183599
1454.831940
1455.438815
1455.049351
1454.679115
1455.311276
1454.935286
1454.607374
1455.295580
1454.952666
1454.568801
1455.191629
1454.845069
1454.459894
1455.094498
1454.729076
1455.436275
1455.064154
1454.677971
1455.300650
1454.916017
1454.533458
1455.144549
1454.803424
1455.415475
1455.095048
1454.737943
1455.401891
1455.073276
1454.692714
1455.318707
1454.927568
1454.554498
1455.168326
1454.782779
1455.398476
1455.103760
1454.713016
